16
0 41 3 20000 1000000000000 0.01
4 45 3 20001 1000000000000 0.01
8 49 3 20002 1000000000000 0.01
12 53 3 20003 1000000000000 0.01
16 57 3 20004 1000000000000 0.01
20 61 3 20005 1000000000000 0.01
24 65 3 20006 1000000000000 0.01
28 69 3 20007 1000000000000 0.01
41 0 3 20000 1000000000000 0.01
45 4 3 20001 1000000000000 0.01
49 8 3 20002 1000000000000 0.01
53 12 3 20003 1000000000000 0.01
57 16 3 20004 1000000000000 0.01
61 20 3 20005 1000000000000 0.01
65 24 3 20006 1000000000000 0.01
69 28 3 20007 1000000000000 0.01
