82 18 8 105
32 33 34 35 73 74 75 76 36 37 38 39 77 78 79 80 40 81
0 32 100000000000.0 1.5us 0
1 32 100000000000.0 1.5us 0
2 32 100000000000.0 1.5us 0
3 32 100000000000.0 1.5us 0
4 32 100000000000.0 1.5us 0
5 32 100000000000.0 1.5us 0
6 32 100000000000.0 1.5us 0
7 32 100000000000.0 1.5us 0
8 33 100000000000.0 1.5us 0
9 33 100000000000.0 1.5us 0
10 33 100000000000.0 1.5us 0
11 33 100000000000.0 1.5us 0
12 33 100000000000.0 1.5us 0
13 33 100000000000.0 1.5us 0
14 33 100000000000.0 1.5us 0
15 33 100000000000.0 1.5us 0
16 34 100000000000.0 1.5us 0
17 34 100000000000.0 1.5us 0
18 34 100000000000.0 1.5us 0
19 34 100000000000.0 1.5us 0
20 34 100000000000.0 1.5us 0
21 34 100000000000.0 1.5us 0
22 34 100000000000.0 1.5us 0
23 34 100000000000.0 1.5us 0
24 35 100000000000.0 1.5us 0
25 35 100000000000.0 1.5us 0
26 35 100000000000.0 1.5us 0
27 35 100000000000.0 1.5us 0
28 35 100000000000.0 1.5us 0
29 35 100000000000.0 1.5us 0
30 35 100000000000.0 1.5us 0
31 35 100000000000.0 1.5us 0
41 73 100000000000.0 1.5us 0
42 73 100000000000.0 1.5us 0
43 73 100000000000.0 1.5us 0
44 73 100000000000.0 1.5us 0
45 73 100000000000.0 1.5us 0
46 73 100000000000.0 1.5us 0
47 73 100000000000.0 1.5us 0
48 73 100000000000.0 1.5us 0
49 74 100000000000.0 1.5us 0
50 74 100000000000.0 1.5us 0
51 74 100000000000.0 1.5us 0
52 74 100000000000.0 1.5us 0
53 74 100000000000.0 1.5us 0
54 74 100000000000.0 1.5us 0
55 74 100000000000.0 1.5us 0
56 74 100000000000.0 1.5us 0
57 75 100000000000.0 1.5us 0
58 75 100000000000.0 1.5us 0
59 75 100000000000.0 1.5us 0
60 75 100000000000.0 1.5us 0
61 75 100000000000.0 1.5us 0
62 75 100000000000.0 1.5us 0
63 75 100000000000.0 1.5us 0
64 75 100000000000.0 1.5us 0
65 76 100000000000.0 1.5us 0
66 76 100000000000.0 1.5us 0
67 76 100000000000.0 1.5us 0
68 76 100000000000.0 1.5us 0
69 76 100000000000.0 1.5us 0
70 76 100000000000.0 1.5us 0
71 76 100000000000.0 1.5us 0
72 76 100000000000.0 1.5us 0
32 36 100000000000.0 1.5us 0
32 37 100000000000.0 1.5us 0
32 38 100000000000.0 1.5us 0
32 39 100000000000.0 1.5us 0
33 36 100000000000.0 1.5us 0
33 37 100000000000.0 1.5us 0
33 38 100000000000.0 1.5us 0
33 39 100000000000.0 1.5us 0
34 36 100000000000.0 1.5us 0
34 37 100000000000.0 1.5us 0
34 38 100000000000.0 1.5us 0
34 39 100000000000.0 1.5us 0
35 36 100000000000.0 1.5us 0
35 37 100000000000.0 1.5us 0
35 38 100000000000.0 1.5us 0
35 39 100000000000.0 1.5us 0
73 77 100000000000.0 1.5us 0
73 78 100000000000.0 1.5us 0
73 79 100000000000.0 1.5us 0
73 80 100000000000.0 1.5us 0
74 77 100000000000.0 1.5us 0
74 78 100000000000.0 1.5us 0
74 79 100000000000.0 1.5us 0
74 80 100000000000.0 1.5us 0
75 77 100000000000.0 1.5us 0
75 78 100000000000.0 1.5us 0
75 79 100000000000.0 1.5us 0
75 80 100000000000.0 1.5us 0
76 77 100000000000.0 1.5us 0
76 78 100000000000.0 1.5us 0
76 79 100000000000.0 1.5us 0
76 80 100000000000.0 1.5us 0
36 40 100000000000.0 1.5us 0
37 40 100000000000.0 1.5us 0
38 40 100000000000.0 1.5us 0
39 40 100000000000.0 1.5us 0
77 81 100000000000.0 1.5us 0
78 81 100000000000.0 1.5us 0
79 81 100000000000.0 1.5us 0
80 81 100000000000.0 1.5us 0
40 81 200000000000.0 5ms 0
