26 10 4 29
8 9 21 22 10 11 23 24 12 25
0 8 100000000000.0 1.5us 0
1 8 100000000000.0 1.5us 0
2 8 100000000000.0 1.5us 0
3 8 100000000000.0 1.5us 0
4 9 100000000000.0 1.5us 0
5 9 100000000000.0 1.5us 0
6 9 100000000000.0 1.5us 0
7 9 100000000000.0 1.5us 0
8 10 100000000000.0 1.5us 0
8 11 100000000000.0 1.5us 0
9 10 100000000000.0 1.5us 0
9 11 100000000000.0 1.5us 0
10 12 100000000000.0 1.5us 0
11 12 100000000000.0 1.5us 0
13 21 100000000000.0 1.5us 0
14 21 100000000000.0 1.5us 0
15 21 100000000000.0 1.5us 0
16 21 100000000000.0 1.5us 0
17 22 100000000000.0 1.5us 0
18 22 100000000000.0 1.5us 0
19 22 100000000000.0 1.5us 0
20 22 100000000000.0 1.5us 0
21 23 100000000000.0 1.5us 0
21 24 100000000000.0 1.5us 0
22 23 100000000000.0 1.5us 0
22 24 100000000000.0 1.5us 0
23 25 100000000000.0 1.5us 0
24 25 100000000000.0 1.5us 0
12 25 200000000000.0 5ms 0
