case A:
一、10:0

10
3 2 3 20001 50000000 0
3 2 3 20002 50000000 0
3 2 3 20003 50000000 0
3 2 3 20004 50000000 0
3 2 3 20005 50000000 0
3 2 3 20006 50000000 0
3 2 3 20007 50000000 0
3 2 3 20008 50000000 0
3 2 3 20009 50000000 0
3 2 3 20010 50000000 0


二、8：2

10
0 2 3 20001 50000000 0
1 2 3 20002 50000000 0
3 2 3 20003 50000000 0
3 2 3 20004 50000000 0
3 2 3 20005 50000000 0
3 2 3 20006 50000000 0
3 2 3 20007 50000000 0
3 2 3 20008 50000000 0
3 2 3 20009 50000000 0
3 2 3 20010 50000000 0

三、6：4

10
0 2 3 20001 50000000 0
0 2 3 20002 50000000 0
0 2 3 20003 50000000 0
0 2 3 20004 50000000 0
3 2 3 20005 50000000 0
3 2 3 20006 50000000 0
3 2 3 20007 50000000 0
3 2 3 20008 50000000 0
3 2 3 20009 50000000 0
3 2 3 20010 50000000 0

四、4：6

10
0 2 3 20001 50000000 0
0 2 3 20002 50000000 0
0 2 3 20003 50000000 0
0 2 3 20004 50000000 0
0 2 3 20005 50000000 0
0 2 3 20006 50000000 0
3 2 3 20007 50000000 0
3 2 3 20008 50000000 0
3 2 3 20009 50000000 0
3 2 3 20010 50000000 0

五、8：2

10
0 2 3 20001 50000000 0
0 2 3 20002 50000000 0
0 2 3 20003 50000000 0
0 2 3 20004 50000000 0
0 2 3 20005 50000000 0
0 2 3 20006 50000000 0
0 2 3 20007 50000000 0
0 2 3 20008 50000000 0
3 2 3 20009 50000000 0
3 2 3 20010 50000000 0

case B:
一、10:0

10
3 2 3 20001 50000000 0
3 2 3 20002 50000000 0
3 2 3 20003 50000000 0
3 2 3 20004 50000000 0
3 2 3 20005 50000000 0
3 2 3 20006 50000000 0
3 2 3 20007 50000000 0
3 2 3 20008 50000000 0
3 2 3 20009 50000000 0
3 2 3 20010 50000000 0


二、8：2

10
3 0 3 20001 50000000 0
3 0 3 20002 50000000 0
3 2 3 20003 50000000 0
3 2 3 20004 50000000 0
3 2 3 20005 50000000 0
3 2 3 20006 50000000 0
3 2 3 20007 50000000 0
3 2 3 20008 50000000 0
3 2 3 20009 50000000 0
3 2 3 20010 50000000 0

三、6：4

10
3 0 3 20001 50000000 0
3 0 3 20002 50000000 0
3 0 3 20003 50000000 0
3 0 3 20004 50000000 0
3 2 3 20005 50000000 0
3 2 3 20006 50000000 0
3 2 3 20007 50000000 0
3 2 3 20008 50000000 0
3 2 3 20009 50000000 0
3 2 3 20010 50000000 0

四、4：6

10
3 0 3 20001 50000000 0
3 0 3 20002 50000000 0
3 0 3 20003 50000000 0
3 0 3 20004 50000000 0
3 0 3 20005 50000000 0
3 0 3 20006 50000000 0
3 2 3 20007 50000000 0
3 2 3 20008 50000000 0
3 2 3 20009 50000000 0
3 2 3 20010 50000000 0

五、8：2

10
3 0 3 20001 50000000 0
3 0 3 20002 50000000 0
3 0 3 20003 50000000 0
3 0 3 20004 50000000 0
3 0 3 20005 50000000 0
3 0 3 20006 50000000 0
3 0 3 20007 50000000 0
3 0 3 20008 50000000 0
3 2 3 20009 50000000 0
3 2 3 20010 50000000 0


case C:
一、10:0

10
3 2 3 20001 50000000 0
3 2 3 20002 50000000 0
3 2 3 20003 50000000 0
3 2 3 20004 50000000 0
3 2 3 20005 50000000 0
3 2 3 20006 50000000 0
3 2 3 20007 50000000 0
3 2 3 20008 50000000 0
3 2 3 20009 50000000 0
3 2 3 20010 50000000 0


二、8：2

10
3 0 3 20001 50000000 0
3 0 3 20002 50000000 0
1 0 3 20003 50000000 0
1 0 3 20004 50000000 0
1 0 3 20005 50000000 0
1 0 3 20006 50000000 0
3 2 3 20007 50000000 0
3 2 3 20008 50000000 0
3 2 3 20009 50000000 0
3 2 3 20010 50000000 0

三、6：4

10
3 0 3 20001 50000000 0
3 0 3 20002 50000000 0
3 0 3 20003 50000000 0
3 0 3 20004 50000000 0
1 0 3 20005 50000000 0
1 0 3 20006 50000000 0
1 0 3 20007 50000000 0
3 2 3 20008 50000000 0
3 2 3 20009 50000000 0
3 2 3 20010 50000000 0

四、4：6

10
3 0 3 20001 50000000 0
3 0 3 20002 50000000 0
3 0 3 20003 50000000 0
3 0 3 20004 50000000 0
3 0 3 20005 50000000 0
3 0 3 20006 50000000 0
1 0 3 20007 50000000 0
1 0 3 20008 50000000 0
3 2 3 20009 50000000 0
3 2 3 20010 50000000 0

五、8：2

10
3 0 3 20001 50000000 0
3 0 3 20002 50000000 0
3 0 3 20003 50000000 0
3 0 3 20004 50000000 0
3 0 3 20005 50000000 0
3 0 3 20006 50000000 0
3 0 3 20007 50000000 0
3 0 3 20008 50000000 0
1 0 3 20009 50000000 0
3 2 3 20010 50000000 0