16
106 138 3 20000 1000000000000 0.01
110 142 3 20001 1000000000000 0.01
114 146 3 20002 1000000000000 0.01
118 150 3 20003 1000000000000 0.01
122 154 3 20004 1000000000000 0.01
126 158 3 20005 1000000000000 0.01
130 162 3 20006 1000000000000 0.01
134 166 3 20007 1000000000000 0.01
138 106 3 20000 1000000000000 0.01
142 110 3 20001 1000000000000 0.01
146 114 3 20002 1000000000000 0.01
150 118 3 20003 1000000000000 0.01
154 122 3 20004 1000000000000 0.01
158 126 3 20005 1000000000000 0.01
162 130 3 20006 1000000000000 0.01
166 134 3 20007 1000000000000 0.01
