554 42 16 585
256 257 258 259 260 261 262 263 533 534 535 536 537 538 539 540 264 265 266 267 268 269 270 271 272 273 274 275 276 541 542 543 544 545 546 547 548 549 550 551 552 553
0 256 100000000000.0 1us 0
1 256 100000000000.0 1us 0
2 256 100000000000.0 1us 0
3 256 100000000000.0 1us 0
4 256 100000000000.0 1us 0
5 256 100000000000.0 1us 0
6 256 100000000000.0 1us 0
7 256 100000000000.0 1us 0
8 256 100000000000.0 1us 0
9 256 100000000000.0 1us 0
10 256 100000000000.0 1us 0
11 256 100000000000.0 1us 0
12 256 100000000000.0 1us 0
13 256 100000000000.0 1us 0
14 256 100000000000.0 1us 0
15 256 100000000000.0 1us 0
16 256 100000000000.0 1us 0
17 256 100000000000.0 1us 0
18 256 100000000000.0 1us 0
19 256 100000000000.0 1us 0
20 256 100000000000.0 1us 0
21 256 100000000000.0 1us 0
22 256 100000000000.0 1us 0
23 256 100000000000.0 1us 0
24 256 100000000000.0 1us 0
25 256 100000000000.0 1us 0
26 256 100000000000.0 1us 0
27 256 100000000000.0 1us 0
28 256 100000000000.0 1us 0
29 256 100000000000.0 1us 0
30 256 100000000000.0 1us 0
31 256 100000000000.0 1us 0
32 257 100000000000.0 1us 0
33 257 100000000000.0 1us 0
34 257 100000000000.0 1us 0
35 257 100000000000.0 1us 0
36 257 100000000000.0 1us 0
37 257 100000000000.0 1us 0
38 257 100000000000.0 1us 0
39 257 100000000000.0 1us 0
40 257 100000000000.0 1us 0
41 257 100000000000.0 1us 0
42 257 100000000000.0 1us 0
43 257 100000000000.0 1us 0
44 257 100000000000.0 1us 0
45 257 100000000000.0 1us 0
46 257 100000000000.0 1us 0
47 257 100000000000.0 1us 0
48 257 100000000000.0 1us 0
49 257 100000000000.0 1us 0
50 257 100000000000.0 1us 0
51 257 100000000000.0 1us 0
52 257 100000000000.0 1us 0
53 257 100000000000.0 1us 0
54 257 100000000000.0 1us 0
55 257 100000000000.0 1us 0
56 257 100000000000.0 1us 0
57 257 100000000000.0 1us 0
58 257 100000000000.0 1us 0
59 257 100000000000.0 1us 0
60 257 100000000000.0 1us 0
61 257 100000000000.0 1us 0
62 257 100000000000.0 1us 0
63 257 100000000000.0 1us 0
64 258 100000000000.0 1us 0
65 258 100000000000.0 1us 0
66 258 100000000000.0 1us 0
67 258 100000000000.0 1us 0
68 258 100000000000.0 1us 0
69 258 100000000000.0 1us 0
70 258 100000000000.0 1us 0
71 258 100000000000.0 1us 0
72 258 100000000000.0 1us 0
73 258 100000000000.0 1us 0
74 258 100000000000.0 1us 0
75 258 100000000000.0 1us 0
76 258 100000000000.0 1us 0
77 258 100000000000.0 1us 0
78 258 100000000000.0 1us 0
79 258 100000000000.0 1us 0
80 258 100000000000.0 1us 0
81 258 100000000000.0 1us 0
82 258 100000000000.0 1us 0
83 258 100000000000.0 1us 0
84 258 100000000000.0 1us 0
85 258 100000000000.0 1us 0
86 258 100000000000.0 1us 0
87 258 100000000000.0 1us 0
88 258 100000000000.0 1us 0
89 258 100000000000.0 1us 0
90 258 100000000000.0 1us 0
91 258 100000000000.0 1us 0
92 258 100000000000.0 1us 0
93 258 100000000000.0 1us 0
94 258 100000000000.0 1us 0
95 258 100000000000.0 1us 0
96 259 100000000000.0 1us 0
97 259 100000000000.0 1us 0
98 259 100000000000.0 1us 0
99 259 100000000000.0 1us 0
100 259 100000000000.0 1us 0
101 259 100000000000.0 1us 0
102 259 100000000000.0 1us 0
103 259 100000000000.0 1us 0
104 259 100000000000.0 1us 0
105 259 100000000000.0 1us 0
106 259 100000000000.0 1us 0
107 259 100000000000.0 1us 0
108 259 100000000000.0 1us 0
109 259 100000000000.0 1us 0
110 259 100000000000.0 1us 0
111 259 100000000000.0 1us 0
112 259 100000000000.0 1us 0
113 259 100000000000.0 1us 0
114 259 100000000000.0 1us 0
115 259 100000000000.0 1us 0
116 259 100000000000.0 1us 0
117 259 100000000000.0 1us 0
118 259 100000000000.0 1us 0
119 259 100000000000.0 1us 0
120 259 100000000000.0 1us 0
121 259 100000000000.0 1us 0
122 259 100000000000.0 1us 0
123 259 100000000000.0 1us 0
124 259 100000000000.0 1us 0
125 259 100000000000.0 1us 0
126 259 100000000000.0 1us 0
127 259 100000000000.0 1us 0
128 260 100000000000.0 1us 0
129 260 100000000000.0 1us 0
130 260 100000000000.0 1us 0
131 260 100000000000.0 1us 0
132 260 100000000000.0 1us 0
133 260 100000000000.0 1us 0
134 260 100000000000.0 1us 0
135 260 100000000000.0 1us 0
136 260 100000000000.0 1us 0
137 260 100000000000.0 1us 0
138 260 100000000000.0 1us 0
139 260 100000000000.0 1us 0
140 260 100000000000.0 1us 0
141 260 100000000000.0 1us 0
142 260 100000000000.0 1us 0
143 260 100000000000.0 1us 0
144 260 100000000000.0 1us 0
145 260 100000000000.0 1us 0
146 260 100000000000.0 1us 0
147 260 100000000000.0 1us 0
148 260 100000000000.0 1us 0
149 260 100000000000.0 1us 0
150 260 100000000000.0 1us 0
151 260 100000000000.0 1us 0
152 260 100000000000.0 1us 0
153 260 100000000000.0 1us 0
154 260 100000000000.0 1us 0
155 260 100000000000.0 1us 0
156 260 100000000000.0 1us 0
157 260 100000000000.0 1us 0
158 260 100000000000.0 1us 0
159 260 100000000000.0 1us 0
160 261 100000000000.0 1us 0
161 261 100000000000.0 1us 0
162 261 100000000000.0 1us 0
163 261 100000000000.0 1us 0
164 261 100000000000.0 1us 0
165 261 100000000000.0 1us 0
166 261 100000000000.0 1us 0
167 261 100000000000.0 1us 0
168 261 100000000000.0 1us 0
169 261 100000000000.0 1us 0
170 261 100000000000.0 1us 0
171 261 100000000000.0 1us 0
172 261 100000000000.0 1us 0
173 261 100000000000.0 1us 0
174 261 100000000000.0 1us 0
175 261 100000000000.0 1us 0
176 261 100000000000.0 1us 0
177 261 100000000000.0 1us 0
178 261 100000000000.0 1us 0
179 261 100000000000.0 1us 0
180 261 100000000000.0 1us 0
181 261 100000000000.0 1us 0
182 261 100000000000.0 1us 0
183 261 100000000000.0 1us 0
184 261 100000000000.0 1us 0
185 261 100000000000.0 1us 0
186 261 100000000000.0 1us 0
187 261 100000000000.0 1us 0
188 261 100000000000.0 1us 0
189 261 100000000000.0 1us 0
190 261 100000000000.0 1us 0
191 261 100000000000.0 1us 0
192 262 100000000000.0 1us 0
193 262 100000000000.0 1us 0
194 262 100000000000.0 1us 0
195 262 100000000000.0 1us 0
196 262 100000000000.0 1us 0
197 262 100000000000.0 1us 0
198 262 100000000000.0 1us 0
199 262 100000000000.0 1us 0
200 262 100000000000.0 1us 0
201 262 100000000000.0 1us 0
202 262 100000000000.0 1us 0
203 262 100000000000.0 1us 0
204 262 100000000000.0 1us 0
205 262 100000000000.0 1us 0
206 262 100000000000.0 1us 0
207 262 100000000000.0 1us 0
208 262 100000000000.0 1us 0
209 262 100000000000.0 1us 0
210 262 100000000000.0 1us 0
211 262 100000000000.0 1us 0
212 262 100000000000.0 1us 0
213 262 100000000000.0 1us 0
214 262 100000000000.0 1us 0
215 262 100000000000.0 1us 0
216 262 100000000000.0 1us 0
217 262 100000000000.0 1us 0
218 262 100000000000.0 1us 0
219 262 100000000000.0 1us 0
220 262 100000000000.0 1us 0
221 262 100000000000.0 1us 0
222 262 100000000000.0 1us 0
223 262 100000000000.0 1us 0
224 263 100000000000.0 1us 0
225 263 100000000000.0 1us 0
226 263 100000000000.0 1us 0
227 263 100000000000.0 1us 0
228 263 100000000000.0 1us 0
229 263 100000000000.0 1us 0
230 263 100000000000.0 1us 0
231 263 100000000000.0 1us 0
232 263 100000000000.0 1us 0
233 263 100000000000.0 1us 0
234 263 100000000000.0 1us 0
235 263 100000000000.0 1us 0
236 263 100000000000.0 1us 0
237 263 100000000000.0 1us 0
238 263 100000000000.0 1us 0
239 263 100000000000.0 1us 0
240 263 100000000000.0 1us 0
241 263 100000000000.0 1us 0
242 263 100000000000.0 1us 0
243 263 100000000000.0 1us 0
244 263 100000000000.0 1us 0
245 263 100000000000.0 1us 0
246 263 100000000000.0 1us 0
247 263 100000000000.0 1us 0
248 263 100000000000.0 1us 0
249 263 100000000000.0 1us 0
250 263 100000000000.0 1us 0
251 263 100000000000.0 1us 0
252 263 100000000000.0 1us 0
253 263 100000000000.0 1us 0
254 263 100000000000.0 1us 0
255 263 100000000000.0 1us 0
256 264 100000000000.0 1us 0
256 265 100000000000.0 1us 0
257 264 100000000000.0 1us 0
257 265 100000000000.0 1us 0
258 266 100000000000.0 1us 0
258 267 100000000000.0 1us 0
259 266 100000000000.0 1us 0
259 267 100000000000.0 1us 0
260 268 100000000000.0 1us 0
260 269 100000000000.0 1us 0
261 268 100000000000.0 1us 0
261 269 100000000000.0 1us 0
262 270 100000000000.0 1us 0
262 271 100000000000.0 1us 0
263 270 100000000000.0 1us 0
263 271 100000000000.0 1us 0
264 272 100000000000.0 1us 0
264 273 100000000000.0 1us 0
265 274 100000000000.0 1us 0
265 275 100000000000.0 1us 0
266 272 100000000000.0 1us 0
266 273 100000000000.0 1us 0
267 274 100000000000.0 1us 0
267 275 100000000000.0 1us 0
268 272 100000000000.0 1us 0
268 273 100000000000.0 1us 0
269 274 100000000000.0 1us 0
269 275 100000000000.0 1us 0
270 272 100000000000.0 1us 0
270 273 100000000000.0 1us 0
271 274 100000000000.0 1us 0
271 275 100000000000.0 1us 0
272 276 100000000000.0 1us 0
273 276 100000000000.0 1us 0
274 276 100000000000.0 1us 0
275 276 100000000000.0 1us 0
277 533 100000000000.0 1us 0
278 533 100000000000.0 1us 0
279 533 100000000000.0 1us 0
280 533 100000000000.0 1us 0
281 533 100000000000.0 1us 0
282 533 100000000000.0 1us 0
283 533 100000000000.0 1us 0
284 533 100000000000.0 1us 0
285 533 100000000000.0 1us 0
286 533 100000000000.0 1us 0
287 533 100000000000.0 1us 0
288 533 100000000000.0 1us 0
289 533 100000000000.0 1us 0
290 533 100000000000.0 1us 0
291 533 100000000000.0 1us 0
292 533 100000000000.0 1us 0
293 533 100000000000.0 1us 0
294 533 100000000000.0 1us 0
295 533 100000000000.0 1us 0
296 533 100000000000.0 1us 0
297 533 100000000000.0 1us 0
298 533 100000000000.0 1us 0
299 533 100000000000.0 1us 0
300 533 100000000000.0 1us 0
301 533 100000000000.0 1us 0
302 533 100000000000.0 1us 0
303 533 100000000000.0 1us 0
304 533 100000000000.0 1us 0
305 533 100000000000.0 1us 0
306 533 100000000000.0 1us 0
307 533 100000000000.0 1us 0
308 533 100000000000.0 1us 0
309 534 100000000000.0 1us 0
310 534 100000000000.0 1us 0
311 534 100000000000.0 1us 0
312 534 100000000000.0 1us 0
313 534 100000000000.0 1us 0
314 534 100000000000.0 1us 0
315 534 100000000000.0 1us 0
316 534 100000000000.0 1us 0
317 534 100000000000.0 1us 0
318 534 100000000000.0 1us 0
319 534 100000000000.0 1us 0
320 534 100000000000.0 1us 0
321 534 100000000000.0 1us 0
322 534 100000000000.0 1us 0
323 534 100000000000.0 1us 0
324 534 100000000000.0 1us 0
325 534 100000000000.0 1us 0
326 534 100000000000.0 1us 0
327 534 100000000000.0 1us 0
328 534 100000000000.0 1us 0
329 534 100000000000.0 1us 0
330 534 100000000000.0 1us 0
331 534 100000000000.0 1us 0
332 534 100000000000.0 1us 0
333 534 100000000000.0 1us 0
334 534 100000000000.0 1us 0
335 534 100000000000.0 1us 0
336 534 100000000000.0 1us 0
337 534 100000000000.0 1us 0
338 534 100000000000.0 1us 0
339 534 100000000000.0 1us 0
340 534 100000000000.0 1us 0
341 535 100000000000.0 1us 0
342 535 100000000000.0 1us 0
343 535 100000000000.0 1us 0
344 535 100000000000.0 1us 0
345 535 100000000000.0 1us 0
346 535 100000000000.0 1us 0
347 535 100000000000.0 1us 0
348 535 100000000000.0 1us 0
349 535 100000000000.0 1us 0
350 535 100000000000.0 1us 0
351 535 100000000000.0 1us 0
352 535 100000000000.0 1us 0
353 535 100000000000.0 1us 0
354 535 100000000000.0 1us 0
355 535 100000000000.0 1us 0
356 535 100000000000.0 1us 0
357 535 100000000000.0 1us 0
358 535 100000000000.0 1us 0
359 535 100000000000.0 1us 0
360 535 100000000000.0 1us 0
361 535 100000000000.0 1us 0
362 535 100000000000.0 1us 0
363 535 100000000000.0 1us 0
364 535 100000000000.0 1us 0
365 535 100000000000.0 1us 0
366 535 100000000000.0 1us 0
367 535 100000000000.0 1us 0
368 535 100000000000.0 1us 0
369 535 100000000000.0 1us 0
370 535 100000000000.0 1us 0
371 535 100000000000.0 1us 0
372 535 100000000000.0 1us 0
373 536 100000000000.0 1us 0
374 536 100000000000.0 1us 0
375 536 100000000000.0 1us 0
376 536 100000000000.0 1us 0
377 536 100000000000.0 1us 0
378 536 100000000000.0 1us 0
379 536 100000000000.0 1us 0
380 536 100000000000.0 1us 0
381 536 100000000000.0 1us 0
382 536 100000000000.0 1us 0
383 536 100000000000.0 1us 0
384 536 100000000000.0 1us 0
385 536 100000000000.0 1us 0
386 536 100000000000.0 1us 0
387 536 100000000000.0 1us 0
388 536 100000000000.0 1us 0
389 536 100000000000.0 1us 0
390 536 100000000000.0 1us 0
391 536 100000000000.0 1us 0
392 536 100000000000.0 1us 0
393 536 100000000000.0 1us 0
394 536 100000000000.0 1us 0
395 536 100000000000.0 1us 0
396 536 100000000000.0 1us 0
397 536 100000000000.0 1us 0
398 536 100000000000.0 1us 0
399 536 100000000000.0 1us 0
400 536 100000000000.0 1us 0
401 536 100000000000.0 1us 0
402 536 100000000000.0 1us 0
403 536 100000000000.0 1us 0
404 536 100000000000.0 1us 0
405 537 100000000000.0 1us 0
406 537 100000000000.0 1us 0
407 537 100000000000.0 1us 0
408 537 100000000000.0 1us 0
409 537 100000000000.0 1us 0
410 537 100000000000.0 1us 0
411 537 100000000000.0 1us 0
412 537 100000000000.0 1us 0
413 537 100000000000.0 1us 0
414 537 100000000000.0 1us 0
415 537 100000000000.0 1us 0
416 537 100000000000.0 1us 0
417 537 100000000000.0 1us 0
418 537 100000000000.0 1us 0
419 537 100000000000.0 1us 0
420 537 100000000000.0 1us 0
421 537 100000000000.0 1us 0
422 537 100000000000.0 1us 0
423 537 100000000000.0 1us 0
424 537 100000000000.0 1us 0
425 537 100000000000.0 1us 0
426 537 100000000000.0 1us 0
427 537 100000000000.0 1us 0
428 537 100000000000.0 1us 0
429 537 100000000000.0 1us 0
430 537 100000000000.0 1us 0
431 537 100000000000.0 1us 0
432 537 100000000000.0 1us 0
433 537 100000000000.0 1us 0
434 537 100000000000.0 1us 0
435 537 100000000000.0 1us 0
436 537 100000000000.0 1us 0
437 538 100000000000.0 1us 0
438 538 100000000000.0 1us 0
439 538 100000000000.0 1us 0
440 538 100000000000.0 1us 0
441 538 100000000000.0 1us 0
442 538 100000000000.0 1us 0
443 538 100000000000.0 1us 0
444 538 100000000000.0 1us 0
445 538 100000000000.0 1us 0
446 538 100000000000.0 1us 0
447 538 100000000000.0 1us 0
448 538 100000000000.0 1us 0
449 538 100000000000.0 1us 0
450 538 100000000000.0 1us 0
451 538 100000000000.0 1us 0
452 538 100000000000.0 1us 0
453 538 100000000000.0 1us 0
454 538 100000000000.0 1us 0
455 538 100000000000.0 1us 0
456 538 100000000000.0 1us 0
457 538 100000000000.0 1us 0
458 538 100000000000.0 1us 0
459 538 100000000000.0 1us 0
460 538 100000000000.0 1us 0
461 538 100000000000.0 1us 0
462 538 100000000000.0 1us 0
463 538 100000000000.0 1us 0
464 538 100000000000.0 1us 0
465 538 100000000000.0 1us 0
466 538 100000000000.0 1us 0
467 538 100000000000.0 1us 0
468 538 100000000000.0 1us 0
469 539 100000000000.0 1us 0
470 539 100000000000.0 1us 0
471 539 100000000000.0 1us 0
472 539 100000000000.0 1us 0
473 539 100000000000.0 1us 0
474 539 100000000000.0 1us 0
475 539 100000000000.0 1us 0
476 539 100000000000.0 1us 0
477 539 100000000000.0 1us 0
478 539 100000000000.0 1us 0
479 539 100000000000.0 1us 0
480 539 100000000000.0 1us 0
481 539 100000000000.0 1us 0
482 539 100000000000.0 1us 0
483 539 100000000000.0 1us 0
484 539 100000000000.0 1us 0
485 539 100000000000.0 1us 0
486 539 100000000000.0 1us 0
487 539 100000000000.0 1us 0
488 539 100000000000.0 1us 0
489 539 100000000000.0 1us 0
490 539 100000000000.0 1us 0
491 539 100000000000.0 1us 0
492 539 100000000000.0 1us 0
493 539 100000000000.0 1us 0
494 539 100000000000.0 1us 0
495 539 100000000000.0 1us 0
496 539 100000000000.0 1us 0
497 539 100000000000.0 1us 0
498 539 100000000000.0 1us 0
499 539 100000000000.0 1us 0
500 539 100000000000.0 1us 0
501 540 100000000000.0 1us 0
502 540 100000000000.0 1us 0
503 540 100000000000.0 1us 0
504 540 100000000000.0 1us 0
505 540 100000000000.0 1us 0
506 540 100000000000.0 1us 0
507 540 100000000000.0 1us 0
508 540 100000000000.0 1us 0
509 540 100000000000.0 1us 0
510 540 100000000000.0 1us 0
511 540 100000000000.0 1us 0
512 540 100000000000.0 1us 0
513 540 100000000000.0 1us 0
514 540 100000000000.0 1us 0
515 540 100000000000.0 1us 0
516 540 100000000000.0 1us 0
517 540 100000000000.0 1us 0
518 540 100000000000.0 1us 0
519 540 100000000000.0 1us 0
520 540 100000000000.0 1us 0
521 540 100000000000.0 1us 0
522 540 100000000000.0 1us 0
523 540 100000000000.0 1us 0
524 540 100000000000.0 1us 0
525 540 100000000000.0 1us 0
526 540 100000000000.0 1us 0
527 540 100000000000.0 1us 0
528 540 100000000000.0 1us 0
529 540 100000000000.0 1us 0
530 540 100000000000.0 1us 0
531 540 100000000000.0 1us 0
532 540 100000000000.0 1us 0
533 541 100000000000.0 1us 0
533 542 100000000000.0 1us 0
534 541 100000000000.0 1us 0
534 542 100000000000.0 1us 0
535 543 100000000000.0 1us 0
535 544 100000000000.0 1us 0
536 543 100000000000.0 1us 0
536 544 100000000000.0 1us 0
537 545 100000000000.0 1us 0
537 546 100000000000.0 1us 0
538 545 100000000000.0 1us 0
538 546 100000000000.0 1us 0
539 547 100000000000.0 1us 0
539 548 100000000000.0 1us 0
540 547 100000000000.0 1us 0
540 548 100000000000.0 1us 0
541 549 100000000000.0 1us 0
541 550 100000000000.0 1us 0
542 551 100000000000.0 1us 0
542 552 100000000000.0 1us 0
543 549 100000000000.0 1us 0
543 550 100000000000.0 1us 0
544 551 100000000000.0 1us 0
544 552 100000000000.0 1us 0
545 549 100000000000.0 1us 0
545 550 100000000000.0 1us 0
546 551 100000000000.0 1us 0
546 552 100000000000.0 1us 0
547 549 100000000000.0 1us 0
547 550 100000000000.0 1us 0
548 551 100000000000.0 1us 0
548 552 100000000000.0 1us 0
549 553 100000000000.0 1us 0
550 553 100000000000.0 1us 0
551 553 100000000000.0 1us 0
552 553 100000000000.0 1us 0
276 553 200000000000.0 1ms 0